search m0329_f125w_nir.cat  1 123 |awk '{print $1}'
searchcat abell_209_ACS_IR.cat  1679 |awk '{print $74,$80,$86,$92,$98,$104,$110}'
 F814w   F850lp  F105w   F110w   F125w   F140w   F160w 
24.8454 24.8869 24.6307 24.6036 24.6981 24.5471 24.5776


m0329_nir_f125w_002_00122_2583_3765_ful.fits
	for anton catalog:
searchcat macs0329_ACS_IR.cat 52.4340137  -2.1821542  | awk '{print $14, $20, $26, $32, $38, $44, $56, $62, $68, $74, $80, $86, $92, $98, $104, $110}'
plot16 99.0000 26.9285 26.5558 25.7685 25.6500 25.5151 25.7604 25.6266 25.7232 25.7195 25.3449 25.4776 25.2417 24.9664 25.0148 25.3559




m0329_nir_f125w_009_00673_2260_2920_spec.ps
searchcat macs0329_ACS_IR.cat 52.4398375  -2.1974186  | awk '{print $14, $20, $26, $32, $38, $44, $56, $62, $68, $74, $80, $86, $92, $98, $104, $110}'
plot16 27.2565 28.6137 28.2754 27.5008 28.6182 26.9459 27.4330 27.2208 27.0243 28.0852 27.6303 27.9752 27.8519 27.1917 27.2581 27.6890

m0329_nir_f125w_015_01063_2965_2274_spec.ps
search m0329_f125w_nir.cat  1 1064
	1064  2965.11  2274.22  3793.84  184.138  4629.05  252.275  669.062  1336.41  2022.81  3176.77  3803.57  4108.06  4663.96  4566.95  4423.38  4779.34  5098.24  9737.53  10651  1513.94  77.4085  98.0667  118.895  158.186  194.755  233.588  312.793  433.82  600.095  851.008  1273.07  1700.46  2126.52  3399.16  2.265  0  4720.77  332.48  1.60912  262.417  4.68  8.44261e-05  0  0.02  25.518  25.7553  25.5393  27.6394  26.8882  26.4381  25.9481  25.7525  25.6689  25.5311  25.554  25.5886  25.5046  25.4345  24.7319  24.6346  26.7527  0.0765  0.0527  0.0592  0.1256  0.0797  0.0638  0.0541  0.0556  0.0618  0.0728  0.1032  0.1473  0.1934  0.2712  0.1896  0.2168  2.4383   52.4271019  -2.2090821 
searchcat macs0329_ACS_IR.cat 52.4271019  -2.2090821  | awk '{print $14, $20, $26, $32, $38, $44, $56, $62, $68, $74, $80, $86, $92, $98, $104, $110}'
plot16 27.1122 26.4663 26.2258 26.1389 25.8327 26.1239 26.4366 26.2285 26.4656 26.2325 26.5552 26.4410 25.9934 25.6894 25.8677 26.7518

r1532_nir_f125w_001_00359_3831_3525_spec.ps
search r1532_f125w_nir.cat 1 360
	360  3831.22  3525.86  999.971  108.13  1222.31  129.094  267.442  528.418  757.731  1096.15  1262.72  1385.35  1609.68  1461.51  1086.04  -163.46  -1451.99  368.445  123.249  2650.45  54.2507  71.3463  89.3214  124.247  161.089  197.355  271.204  384.804  535.202  765.483  1148.3  1532.45  1916.12  3075.05  2.05  0  1513.73  222.402  -2.31829  104.328  3.85  6.94395e-05  0  0.01  26.7589  27.2091  26.9911  28.641  27.9016  27.5103  27.1094  26.9558  26.8551  26.6922  26.797  27.1194  99  99  28.2931  -99  26.1507  0.1596  0.1174  0.1147  0.2203  0.1466  0.128  0.1231  0.1385  0.1547  0.183  0.2859  0.5352  99  99  4.5169  0  1.26   233.2105549  +30.3594854  
searchcat rxj1532_IR.cat 233.2105549  +30.3594854  | awk '{print $14, $20, $26, $32, $38, $44, $56, $62, $68, $74, $80, $86, $92, $98, $104, $110}'
plot16 .0000 26.8348 26.4980 26.6617 26.1963 26.5768 26.6281 26.1171 26.1682 26.5468 26.3695 26.2654 26.4951 26.2922 25.9932 25.7105 &
plot16 28.3225 27.7217 27.6108 27.8523 27.9670 27.5086 27.5601 26.9984 27.1822 26.8374 25.9266 27.1382 26.9055 27.0668 27.8780 28.3061  &


m0429_nir_f125w_006_01676_2143_2360_spec.ps
search m0429_f125w_nir.cat 1 1145
	1145  2056.9  3019.09  1096.65  140.384  1720.28  199.9  140.184  298.234  482.666  861.186  1214.01  1438.88  2194.14  2991.25  5071.95  8361.77  10786.4  6074.27  2624.24  -4919.38  50.4451  69.0536  89.4789  129.299  166.936  198.313  256.168  357.218  522.767  1.09312e+15  5.46538e+15  2.10851e+16  3.40599e+16  8.69699e+16  5.03  0  3444.08  396.11  3.45133  56.8651  9.8  0.000176848  3  0  25.7992  27.0417  26.5529  29.2752  28.4555  27.9328  27.3042  26.9313  26.7468  26.2887  25.9523  25.379  -99  -99  -99  -99  99  0.1249  0.139  0.1262  0.3908  0.2515  0.2013  0.1631  0.1493  0.1497  0.1268  0.1297  0.1119  0  0  0  0  99   67.4165110  -2.8878620  
searchcat macs0429_IR.cat   67.4165110  -2.8878620   | awk '{print $14, $20, $26, $32, $38, $44, $56, $62, $68, $74, $80, $86, $92, $98, $104, $110}'
plot16 99.0000 28.3122 99.0000 26.5981 26.8259 26.0965 27.9300 26.9464 28.0755 27.3448 28.3036 26.8288 26.7086 26.7139 26.6829 26.3945              
plot16 26.5742 25.0219 24.5185 24.7265 24.9365 24.9917 24.9387 24.8582 25.6586 25.0650 25.0264 24.9975 24.9450 24.8352 24.9970 25.0775             
plot16 99.0000 26.9283 27.0799 28.3293 27.1366 27.1731 27.6864 27.1464 27.8314 27.3490 26.9127 27.8404 27.4763 27.5243 27.5442 29.1937

search m0429_f125w_nir.cat 1 276
	276  2471.87  3924.43  1586.06  139.713  1915.72  163.722  261.045  535.866  847.825  1431.36  1822.45  2101.31  2277.89  2500.24  3329.68  3057.96  4215.04  3355.97  8673.16  28567.3  54.6405  76.1119  96.1369  134.068  171.918  209.649  287.059  406.497  565.394  802.256  1198.42  1596.89  1996.28  3184.79  2.683  0  2470.91  302.74  -3.54364  94.1023  5.42  9.77542e-05  0  0  26.1598  26.6411  26.4361  28.6001  27.8193  27.3211  26.7525  26.4903  26.3357  26.2481  26.1469  25.8359  25.9283  25.5799  25.8274  24.7965  23.5022  0.1331  0.0957  0.0928  0.2273  0.1543  0.1231  0.1017  0.1024  0.1084  0.1369  0.1766  0.1844  0.2849  0.3088  0.5168  0.25  0.1211   67.4090141  -2.8715133
searchcat macs0429_IR.cat 67.4090141  -2.8715133 | awk '{print $14, $20, $26, $32, $38, $44, $56, $62, $68, $74, $80, $86, $92, $98, $104, $110}'
plot16 99.0000 24.4473 25.3574 25.3481 24.9559 24.8096 24.9088 25.0188 24.8951 24.8483 24.4732 24.5249 24.2149 24.0226 24.1135 24.2401           
plot16 27.3304 31.2941 99.0000 27.7113 28.2015 29.2803 28.8008 28.7217 27.8655 29.3031 28.7000 28.7240 28.2856 28.4916 28.4389 28.7439             
plot16 99.0000 99.0000 26.6180 28.0588 27.0395 27.3398 27.1462 27.0351 27.1493 27.4092 26.7895 26.9502 27.1574 26.5388 26.9331 27.8900
searchcat macs0429_ACS_IR.cat 67.4090141  -2.8715133 | awk '{print $14, $20, $26, $32, $38, $44, $56, $62, $68, $74, $80, $86, $92, $98, $104, $110}'
plot16 99.0000 24.4940 25.1614 25.2648 24.8403 24.7108 24.8377 24.8592 24.8084 24.7253 24.4029 24.5754 24.2627 24.0706 24.1404 24.3092
plot16 28.8105 29.3450 28.5956 27.8610 27.2823 27.2352 27.1592 27.0977 27.0809 27.6547 26.8638 27.2413 27.1826 26.7692 27.1465 28.7432


search m1115_f125w_nir.cat 1 665
	665  2758.9  3123.35  1428.97  164.029  2131.46  230.033  249.826  498.385  779.655  1275.35  1543.23  1648.79  2412.08  3309.86  4105.44  2373.54  2852.07  5660.9  7320.96  10032.3  61.7525  84.1972  107.768  150.818  195.067  241.878  334.754  471.53  649.034  915.672  1366.37  1820.21  2272.92  3619.83  4.669  0  3430.38  489.205  4.71494  104.469  4.77  8.62052e-05  0  0  25.7907  26.7415  26.3074  28.635  27.8851  27.3993  26.865  26.658  26.5862  26.1731  25.8295  25.5957  26.1906  25.9912  25.2468  24.9676  24.6256  0.1549  0.1247  0.1172  0.2684  0.1835  0.1501  0.1284  0.1373  0.1593  0.1507  0.1547  0.1717  0.419  0.5203  0.3492  0.3372  0.3918   168.9738514  +1.5000768  
searchcat macs1115_IR.cat 168.9738514  +1.5000768 	| awk '{print $14, $20, $26, $32, $38, $44, $56, $62, $68, $74, $80, $86, $92, $98, $104, $110}'
plot16 27.6597 99.0000 99.0000 27.2604 27.1888 26.9713 27.3689 26.7956 26.8348 27.9345 27.2165 27.5868 26.7754 26.6848 26.8366 27.5672              
searchcat macs1115_ACS_IR.cat 168.9738514  +1.5000768 	| awk '{print $14, $20, $26, $32, $38, $44, $56, $62, $68, $74, $80, $86, $92, $98, $104, $110}'


m0744_nir_f105w_003_01281_2525_2542_spec.ps
search m0744_f125w_nir.cat 1 1282 
	1282  2525.81  2542.35  4293.32  213.339  5632.18  326.661  694.234  1417.94  2121.98  3393.53  4191.73  4654.1  5472.23  6210.38  6345.64  7274.6  9480.23  9636.64  13372.2  46803.4  78.734  105.279  128.996  171.452  213.249  255.806  343.567  477.654  658.991  935.022  1399.2  1862.05  2326.78  3726.45  2.483  0  5520.44  346.789  -0.955337  269.037  4.51  8.13803e-05  0  0.01  25.3499  25.6229  25.3282  27.6011  26.8257  26.388  25.8783  25.6489  25.5353  25.3595  25.2221  25.1987  25.0504  24.7628  24.7451  24.3894  23.0292  0.0682  0.054  0.063  0.1232  0.0806  0.066  0.0549  0.0552  0.0597  0.0682  0.0835  0.1128  0.1396  0.1603  0.2098  0.189  0.0865   116.2321408  +39.4531283  
searchcat macs0744_IR.cat 116.2321408  +39.4531283 	| awk '{print $14, $20, $26, $32, $38, $44, $56, $62, $68, $74, $80, $86, $92, $98, $104, $110}'
plot16 29.5742 26.0133 26.4069 26.0870 28.2325 26.1851 26.3434 -99.0000 26.7964 26.1784 25.7967 25.3280 25.5164 25.4760 25.7893 25.5745              
plot16 26.9823 28.4235 99.0000 28.0340 28.4909 28.8053 99.0000 -99.0000 29.6210 27.9320 27.0116 27.4559 27.2277 26.7445 26.8740 27.1270
searchcat macs0744_ACS_IR.cat 116.2321408  +39.4531283 	| awk '{print $14, $20, $26, $32, $38, $44, $56, $62, $68, $74, $80, $86, $92, $98, $104, $110}'
plot16 30.4086 26.0451 26.3568 26.1177 27.4110 26.2692 26.3110 -99.0000 27.0290 26.2236 25.7964 25.3743 25.5800 25.5150 25.8639 25.6673  &              
plot16 26.9973 99.0000 28.6024 28.3612 30.4784 29.0077 99.0000 -99.0000 29.5420 28.3352 27.7811 28.2051 27.6929 27.4446 27.5554 27.6791  &

m1115_opt_f105w_000_00907_3538_3846_spec.ps
search m1115_f105w_opt.cat 1 00908 
	908  3538.97  3846.28  2094.43  122.718  2177.81  125.583  576.52  1180.44  1768.16  2802.94  3492.19  4034  4564.42  5657.79  7790.25  8495.88  5493.02  -3214.41  -18627.3  -89946  72.6111  92.0337  116.201  157.607  199.605  242.603  328.796  471.842  663.606  952.389  1457.89  1989.32  2515.26  3.14681e+15  2.168  0  4154.47  249.114  10.7192  227.76  3.56  6.42456e-05  0  0.13  25.686  26.4296  26.3872  27.8303  27.0522  26.6135  26.1133  25.8746  25.718  25.5838  25.3507  25.0034  24.9093  25.3828  99  99  99  0.0651  0.0636  0.0626  0.1368  0.0847  0.0714  0.0611  0.0621  0.0653  0.0782  0.0906  0.0925  0.1217  0.2882  99  99  99   168.9597649  +1.5131256
searchcat macs1115_IR.cat   168.9597649  +1.5131256  | awk '{print $14, $20, $26, $32, $38, $44, $56, $62, $68, $74, $80, $86, $92, $98, $104, $110}'
plot16 99.0000 29.6654 99.0000 27.7781 28.0993 29.3019 29.4968 28.3585 99.0000 28.2403 29.0440 27.6797 29.1786 27.8305 28.7708 27.5620    &          
plot16 28.6106 99.0000 26.9851 28.1405 27.4172 99.0000 28.2033 26.9143 26.7247 26.9967 25.9561 26.4988 26.0533 26.5129 26.4335 26.3316    &        
plot16 25.3080 27.5460 24.5056 25.2630 24.8278 24.6549 24.7504 24.7621 24.4394 24.4013 24.0312 23.7977 23.7900 -99.0000 23.7482 23.6840    &
plot16 29.2966 27.7871 27.8675 26.6438 26.8171 26.3296 26.5070 27.1005 26.3016 26.2224 25.7219 25.6117 25.7830 25.5270 26.1351 26.0023   &


m1149_opt_f105w_000_05777_2726_2435_spec.ps
search m1149_f105w_opt.cat 1 05778 
	5778  2726.44  2435.11  9066.31  262.818  9394.55  267.418  1003.62  2013.23  3256.09  5591.73  7400.7  8649.32  10532.6  12693  14881  16507.8  16148.8  15525.5  12891.3  28848.5  87.0968  113.54  140.553  183.899  226.68  268.158  352.869  481.72  656.734  924.562  1372.76  1821.92  2271.25  3630.54  3.501  0  13621.9  501.603  14.1118  412.919  9.75  0.000176049  3  0.03  24.5353  24.9774  24.9388  27.367  26.6112  26.0892  25.5021  25.1978  25.0285  24.8146  24.612  24.4394  24.3267  24.3506  24.3933  24.5952  23.7206  0.04  0.0315  0.0309  0.0942  0.0612  0.0469  0.0357  0.0333  0.0337  0.0364  0.0412  0.0479  0.0608  0.0923  0.1274  0.1913  0.1367   177.4085854  +22.3868783  
searchcat macs1149_IR.cat   177.4085854  +22.3868783  | awk '{print $14, $20, $26, $32, $38, $44, $56, $62, $68, $74, $80, $86, $92, $98, $104, $110}'
plot16 26.0623 26.2632 25.5077 25.6039 25.5885 25.5104 25.7102 25.3916 25.5984 25.6668 25.1050 24.8710 25.1591 24.9656 25.3457 25.1814     &          
plot16 25.7816 25.1435 25.3681 25.1968 25.2172 25.2991 25.4289 25.1089 25.1721 25.2200 24.5366 24.7079 24.7927 24.7636 24.7395 24.5886    &


m1206_nir_f105w_000_00195_3475_3819_spec.ps
search m1206_f105w_nir.cat 1 00196 
	196  3475.03  3819.58  1494.73  142.922  1786.62  167.173  291.706  605.771  938.436  1572.71  2023.23  2366.39  2518.45  2595.33  2869.44  3375.9  1571.29  -373.712  51.2422  16095.5  60.6514  86.0837  109.309  155.377  201.881  247.989  341.406  484.707  675.582  963.309  1443.26  1923.24  2407.18  1.64412e+16  2.529  0  2380.16  228.38  -5.511  104.483  5.22  9.42888e-05  0  0  26.3887  26.8938  26.7001  28.6678  27.8744  27.3992  26.8386  26.5651  26.395  26.3274  26.2947  26.1857  26.0092  26.8396  99  -99  -99  0.1042  0.1038  0.1016  0.2258  0.1543  0.1265  0.1073  0.1084  0.1138  0.1472  0.2028  0.2557  0.3099  0.9975  99  0  0   181.5421786  -8.7867458  
searchcat macs1206_IR.cat 181.5421786  -8.7867458 | awk '{print $14, $20, $26, $32, $38, $44, $56, $62, $68, $74, $80, $86, $92, $98, $104, $110}'
plot16 26.4532 99.0000 27.3100 28.1091 27.3869 28.5740 27.6067 27.5161 27.6959 27.6643 27.3343 26.6777 27.2414 27.6775 27.3639 27.1675


r1347_nir_f105w_000_00388_3694_3417_spec.ps
search r1347_f105w_nir.cat 1 00389
	389  3694.99  3417.57  6226.98  213.285  6666.3  234.813  651.323  1481.46  2555.32  5236.21  7815.79  9787.18  12007  14419.3  16479.3  17318.4  19049.9  15082.8  13179.4  -17439.2  80.3005  114.781  142.887  197.864  251.127  302.269  403.272  561.716  775.751  1091.23  1628.09  2174.56  2787.89  4937.58  3.364  0  12570.5  433.286  -2.15484  578.216  7.68  0.000138644  3  0.05  24.4606  25.2233  25.1493  27.6745  26.7823  26.1904  25.4115  24.9766  24.7324  24.5104  24.3117  24.1667  24.1128  24.0093  24.2628  24.4093  99  0.0374  0.0372  0.0383  0.1339  0.0841  0.0607  0.041  0.0349  0.0335  0.0365  0.0423  0.0511  0.0684  0.0928  0.1566  0.2297  99   206.8683785  -11.7462351  
searchcat rxj1347_IR.cat 206.8683785  -11.7462351 | awk '{print $14, $20, $26, $32, $38, $44, $56, $62, $68, $74, $80, $86, $92, $98, $104, $110}'
plot16 25.7879 25.9537 25.4436 25.6641 25.6804 25.7383 25.9616 26.0882 25.7000 26.3351 25.8840 24.9422 25.2880 24.9907 25.7760 25.4240	&
plot16 24.9393 25.0734 25.0057 24.8322 24.8501 24.7942 24.7331 24.6472 24.4476 24.7278 24.4091 24.0405 24.2332 24.1703 24.2502 24.1865	&


m2129_nir_f125w_000_01503_2334_2249_spec.ps
search m2129_f125w_nir.cat 1 01504
	1504  2334.96  2249.51  2715.11  288.884  3563.31  348.294  410.471  833.935  1346.92  2237.86  2931.14  3255.6  3392.35  5153.88  5721.31  6650.22  4583.95  1015.25  -2710.38  -15412.2  98.5923  139.893  176.362  242.869  309.177  375.776  516.011  723.264  978.778  1389.44  2105.89  2803.54  3462.14  5306.64  3.325  0  4934.64  701.081  -0.409307  149.312  5.24  9.45668e-05  2  0.01  25.413  26.0617  25.7665  28.1129  27.3433  26.8228  26.2716  25.9785  25.8646  25.8199  25.3658  25.2524  25.0891  25.493  27.1297  99  99  0.1543  0.1155  0.1062  0.2608  0.1822  0.1422  0.1179  0.1146  0.1254  0.1652  0.1524  0.1858  0.2269  0.4989  2.9989  99  99   322.3728161  -7.7020983  
searchcat macs2129_IR.cat 322.3728161  -7.7020983 | awk '{print $14, $20, $26, $32, $38, $44, $56, $62, $68, $74, $80, $86, $92, $98, $104, $110}'
plot16 25.4380 99.0000 26.5612 25.5267 25.3583 25.2651 25.0614 24.7814 24.5724 24.8894 24.5569 24.4598 24.1855 24.0355 23.8496 23.7017   &          
plot16 99.0000 27.1623 27.7858 28.1427 99.0000 99.0000 28.9128 30.6357 28.8814 28.7226 29.2704 27.7179 29.4017 27.2155 28.0974 27.8162  &           
% this is the closest obj
plot16 99.0000 25.9079 26.6819 26.1433 26.6432 26.6551 26.9715 26.6732 26.7631 26.7509 26.8070 26.5491 26.3913 25.9900 26.2065 27.4597  &       
% this is the obj     
plot16 99.0000 26.6515 25.8195 26.1768 26.2872 26.1675 26.1072 26.3798 26.1821 26.1808 26.1558 26.0898 25.6749 25.7915 25.7384 26.2131  &   
% this is the second closer obj          
plot16 99.0000 26.8571 29.3829 29.7013 27.3756 27.3369 27.5124 27.7502 27.5972 27.6458 28.3207 27.3837 27.3676 26.5494 26.8882 27.1925	&
plot16 29.1337 28.2451 28.3092 29.9297 28.7567 27.8921 27.8385 27.8946 28.0057 28.2025 28.9540 27.8282 28.2749 28.3222 28.1642 28.1016	&

r1347_nir_f125w_017_01192_2788_2357_ful.fits
search r1347_f125w_nir.cat 1 01193
	1193  2788.43  2357.36  1241.32  130.149  1732.56  196.34  314.095  622.244  938.743  1460.86  1822.58  2128.45  2886.92  4079.49  3896.64  3546.05  2668.61  -1071.41  136.139  -8541.42  67.4528  92.3276  112.346  156.47  201.007  246.329  339.034  476.152  662.148  939.82  1403.88  1871.61  2340.96  3739.07  2.529  0  2527.56  298.703  -4.425  121.753  5.58  0.000100759  3  0.01  26.1509  26.9229  26.5609  28.415  27.6727  27.2263  26.7461  26.5059  26.3375  26.0065  25.6311  25.6809  25.7833  26.0919  99  -99  99  0.1283  0.1139  0.1231  0.2332  0.1611  0.13  0.1163  0.1198  0.1257  0.1275  0.1268  0.1845  0.2878  0.5713  99  0  99   206.8850797  -11.7653847  
searchcat rxj1347_IR.cat 206.8850797  -11.7653847 | awk '{print $14, $20, $26, $32, $38, $44, $56, $62, $68, $74, $80, $86, $92, $98, $104, $110}'
plot16 99.0000 26.0618 26.0097 26.1449 25.8809 26.1737 25.7375 26.3995 25.5185 25.9290 25.7352 25.3031 25.1528 24.9035 25.0326 25.0585       &       
plot16 99.0000 99.0000 29.2601 28.5314 27.4117 27.5321 27.5604 27.9004 26.7926 27.8569 27.1941 27.2967 26.9835 26.6577 26.8199 28.2401	&


r2248_nir_f125w_001_00212_3195_4002_spec.ps
search r2248_f125w_nir.cat 1 00213
	213  3195.45  4002.17  1449.09  155.984  2213.86  224.212  193.095  446.042  732.413  1242.49  1588.54  1838.08  1934.67  2308.8  1564.46  2094.42  6160.55  4872.86  3099.97  177.079  53.9991  76.2449  96.6882  135.468  175.285  214.802  296.149  418.524  583.879  829.986  1240.09  1649.57  2064.06  3608.09  2.684  0  2214.73  445.684  -2.69434  80.9928  5.92  0.000106926  0  0  26.3589  26.8195  26.3594  29.0078  28.0988  27.5603  26.9865  26.7197  26.5613  26.5057  26.3138  26.7363  26.4196  25.2482  25.5028  25.9938  -99  0.2185  0.1169  0.11  0.3037  0.1856  0.1434  0.1184  0.1198  0.1269  0.1662  0.1969  0.4053  0.4304  0.2186  0.3676  0.7231  0   342.1771096  -44.5163377  
searchcat rxj2248_IR.cat   342.1771096  -44.5163377  | awk '{print $14, $20, $26, $32, $38, $44, $56, $62, $68, $74, $80, $86, $92, $98, $104, $110}'
plot16 26.1404 27.3038 27.7956 27.2697 27.6632 28.0383 27.7303 27.6952 27.0491 27.4294 28.1589 27.6716 26.8399 26.7077 26.7589 27.7255  &
plot16 24.9073 25.2003 24.4811 24.2816 24.3367 24.1923 24.2070 24.1485 24.0214 24.0322 23.9827 23.7917 23.5202 23.4323 23.4581 23.8707  &

















